{
  "advancedEditorSelectedIdentifier" : "ProjectBrowser",
  "openSceneRelativePaths" : [
    "Immersive.usda",
    "Scene.usda"
  ],
  "recentIdentifiers" : {
    "AF09ED6F-1707-48FD-8720-65B998362C09" : [

    ],
    "D66134B1-3681-4A8E-AFE5-29F257229F3B" : [

    ]
  },
  "sceneCameraHistory" : {
    "AF09ED6F-1707-48FD-8720-65B998362C09" : [
      {
        "date" : 748098438.524634,
        "title" : "Untitled",
        "transform" : [
          0.9998839,
          4.6791093e-10,
          0.015242884,
          0,
          0.0007155008,
          0.99889773,
          -0.04693457,
          0,
          -0.015226081,
          0.046940036,
          0.9987816,
          0,
          -0.04343193,
          0.12951644,
          0.71592546,
          1
        ]
      },
      {
        "date" : 748098437.207999,
        "title" : "Untitled",
        "transform" : [
          0.9998839,
          4.6791093e-10,
          0.015242884,
          0,
          0.0007155008,
          0.99889773,
          -0.04693457,
          0,
          -0.015226081,
          0.046940036,
          0.9987816,
          0,
          -0.039659645,
          0.11826727,
          0.6537436,
          1
        ]
      },
      {
        "date" : 748098433.016388,
        "title" : "Untitled",
        "transform" : [
          0.99958813,
          4.0448528e-10,
          -0.028697895,
          0,
          -0.011233266,
          0.9202072,
          -0.3912705,
          0,
          0.02640801,
          0.39143172,
          0.9198282,
          0,
          0.0039723366,
          0.39564753,
          0.54806817,
          1
        ]
      },
      {
        "date" : 748098411.316289,
        "title" : "Untitled",
        "transform" : [
          0.99958813,
          4.0448528e-10,
          -0.028697895,
          0,
          -0.011233266,
          0.9202072,
          -0.3912705,
          0,
          0.02640801,
          0.39143172,
          0.9198282,
          0,
          -0.03374295,
          0.15692599,
          0.6507387,
          1
        ]
      },
      {
        "date" : 748098405.272682,
        "title" : "Untitled",
        "transform" : [
          0.99958813,
          4.0448528e-10,
          -0.028697895,
          0,
          -0.011233266,
          0.9202072,
          -0.3912705,
          0,
          0.02640801,
          0.39143172,
          0.9198282,
          0,
          -0.025769651,
          0.11984512,
          0.49697226,
          1
        ]
      },
      {
        "date" : 748098394.749162,
        "title" : "Untitled",
        "transform" : [
          0.99958813,
          4.0448528e-10,
          -0.028697895,
          0,
          -0.011233266,
          0.9202072,
          -0.3912705,
          0,
          0.02640801,
          0.39143172,
          0.9198282,
          0,
          -0.00068785343,
          0.08371875,
          0.51162565,
          1
        ]
      },
      {
        "date" : 748098367.900912,
        "title" : "Untitled",
        "transform" : [
          0.99958813,
          4.0448528e-10,
          -0.028697895,
          0,
          -0.011233266,
          0.9202072,
          -0.3912705,
          0,
          0.02640801,
          0.39143172,
          0.9198282,
          0,
          0.012047677,
          0.16185251,
          0.47801033,
          1
        ]
      },
      {
        "date" : 748098364.691089,
        "title" : "Untitled",
        "transform" : [
          1,
          0,
          0,
          0,
          0,
          0.7071069,
          -0.7071067,
          0,
          0,
          0.7071067,
          0.7071069,
          0,
          5.1226816e-05,
          0.27609926,
          0.43575892,
          1
        ]
      },
      {
        "date" : 748098298.940428,
        "title" : "Untitled",
        "transform" : [
          1,
          0,
          0,
          0,
          0,
          0.7071069,
          -0.7071067,
          0,
          0,
          0.7071067,
          0.7071069,
          0,
          -0.0008668337,
          0.3578918,
          0.35396641,
          1
        ]
      },
      {
        "date" : 748098261.808407,
        "title" : "Untitled",
        "transform" : [
          1,
          0,
          0,
          0,
          0,
          0.7071069,
          -0.7071067,
          0,
          0,
          0.7071067,
          0.7071069,
          0,
          -0.0008668337,
          0.3578918,
          0.35396641,
          1
        ]
      }
    ],
    "D66134B1-3681-4A8E-AFE5-29F257229F3B" : [
      {
        "date" : 748107791.18269,
        "title" : "Untitled",
        "transform" : [
          0.39906305,
          -2.0670956e-09,
          -0.91692346,
          0,
          -0.19792202,
          0.9764255,
          -0.08613953,
          0,
          0.8953075,
          0.21585444,
          0.38965532,
          0,
          0.6843843,
          0.17149453,
          0.33303317,
          1
        ]
      },
      {
        "date" : 748107442.268547,
        "title" : "Untitled",
        "transform" : [
          0.3966552,
          -2.0670956e-09,
          -0.9179677,
          0,
          -0.19814742,
          0.9764255,
          -0.085619785,
          0,
          0.8963271,
          0.21585444,
          0.38730425,
          0,
          1.4992507,
          0.37520763,
          0.7247008,
          1
        ]
      },
      {
        "date" : 748103132.865748,
        "title" : "Untitled",
        "transform" : [
          0.3966552,
          -2.0670956e-09,
          -0.9179677,
          0,
          -0.19814742,
          0.9764255,
          -0.085619785,
          0,
          0.8963271,
          0.21585444,
          0.38730425,
          0,
          1.4834311,
          0.38850698,
          0.75389946,
          1
        ]
      },
      {
        "date" : 748103052.51553,
        "title" : "Untitled",
        "transform" : [
          0.3966552,
          -2.0670956e-09,
          -0.9179677,
          0,
          -0.19814742,
          0.9764255,
          -0.085619785,
          0,
          0.8963271,
          0.21585444,
          0.38730425,
          0,
          1.2738386,
          0.3336152,
          0.6473818,
          1
        ]
      },
      {
        "date" : 748103046.447535,
        "title" : "Untitled",
        "transform" : [
          0.3966552,
          -2.0670956e-09,
          -0.9179677,
          0,
          -0.19814742,
          0.9764255,
          -0.085619785,
          0,
          0.8963271,
          0.21585444,
          0.38730425,
          0,
          3.0011594,
          0.7859963,
          1.5252293,
          1
        ]
      },
      {
        "date" : 748103043.147671,
        "title" : "Untitled",
        "transform" : [
          0.3966552,
          -2.0670956e-09,
          -0.9179677,
          0,
          -0.19814742,
          0.9764255,
          -0.085619785,
          0,
          0.8963271,
          0.21585444,
          0.38730425,
          0,
          2.8274758,
          0.740509,
          1.4369609,
          1
        ]
      },
      {
        "date" : 748103037.231029,
        "title" : "Untitled",
        "transform" : [
          0.3966552,
          -2.0670956e-09,
          -0.9179677,
          0,
          -0.19814742,
          0.9764255,
          -0.085619785,
          0,
          0.8963271,
          0.21585444,
          0.38730425,
          0,
          1.533705,
          0.4016736,
          0.7794494,
          1
        ]
      },
      {
        "date" : 748103030.379919,
        "title" : "Untitled",
        "transform" : [
          0.3966552,
          -2.0670956e-09,
          -0.9179677,
          0,
          -0.19814742,
          0.9764255,
          -0.085619785,
          0,
          0.8963271,
          0.21585444,
          0.38730425,
          0,
          2.931931,
          0.76786554,
          1.4900466,
          1
        ]
      },
      {
        "date" : 748103015.382012,
        "title" : "Untitled",
        "transform" : [
          0.3966552,
          -2.0670956e-09,
          -0.9179677,
          0,
          -0.19814742,
          0.9764255,
          -0.085619785,
          0,
          0.8963271,
          0.21585444,
          0.38730425,
          0,
          1.5908666,
          0.41664404,
          0.80849975,
          1
        ]
      },
      {
        "date" : 748103011.864415,
        "title" : "Untitled",
        "transform" : [
          0.3966552,
          -2.0670956e-09,
          -0.9179677,
          0,
          -0.19814742,
          0.9764255,
          -0.085619785,
          0,
          0.8963271,
          0.21585444,
          0.38730425,
          0,
          0.6904797,
          0.18083493,
          0.35091108,
          1
        ]
      }
    ]
  },
  "sceneViewportBackgroundColors" : {

  },
  "selectedSceneRelativePath" : "Immersive.usda"
}